teapot:0.66845,0.574861,1925.43,0.171709,0.0013786,0.000103192,
card:0.716638,0.988847,1799.54,0.175612,0.00316175,1.54892e-07,
shovel:0.241324,0.623488,5670.03,0.422584,0.146281,0.015778,
card:0.717161,0.992348,1796.31,0.175572,0.0031443,2.528e-08,
card:0.716273,0.992187,2753.69,0.175487,0.00314026,3.58195e-07,
teapot:0.669493,0.582173,2199.6,0.173507,0.0019439,0.000139629,
teapot:0.659851,0.581945,1884.57,0.173075,0.00197783,9.96788e-05,
shovel:0.241692,0.622168,4945.79,0.422285,0.14607,0.0157171,
shovel:0.243934,0.629993,3291.08,0.420195,0.144492,0.0152276,
